 5.15055843e-01
 4.35427732e-01
 -1.25603950e+00
 -3.89652460e-02
 5.95840488e-02
 -5.66003350e-01
 -1.39670975e+00
 1.05575075e+00
 1.59699219e-01
 -1.38346438e+00
 -1.79790403e+00
 -3.51915650e-01
 2.06345403e-01
 -8.35342472e-01
 9.85751258e-01
 5.52819723e-01
 -6.62526777e-01
 3.31607840e-01
 8.82977820e-01
 -1.76628037e-02
 -1.34259416e+00
 1.73934315e+00
 1.73177685e+00
 9.16465183e-01
 7.62840603e-02
 7.34641555e-01
 2.72484727e-01
 -3.39391513e-01
 -8.17899169e-01
 8.22733267e-01
 1.06741927e+00
 1.18288763e+00
 1.16920775e+00
 2.10903703e+00
 -1.42708303e-01
 7.46264230e-01
 -1.63593818e-01
 9.45720312e-01
 -6.76463778e-02
 -7.41380903e-01
 -1.21012352e+00
 1.94543738e-01
 -7.45382962e-01
 -1.82650783e-01
 7.60011876e-02
 -2.86031300e-01
 -2.69026734e-01
 1.19795488e+00
 1.48760836e+00
 -1.11321407e+00
 -5.48177630e-01
 1.81951113e+00
 1.78411271e+00
 -5.25283328e-01
 1.31324139e+00
 1.30726291e+00
 -6.75167601e-03
 2.88561485e-01
 1.02525145e+00
 7.09036541e-01
 -7.04121257e-01
 -1.41061378e-01
 -3.95504860e-01
 -9.77454945e-01
 -2.75087644e-01
 -1.26142555e+00
 -6.28330406e-01
 -7.11030475e-01
 -1.31976846e+00
 -4.32997659e-01
 7.99179974e-01
 1.18185134e-01
 1.29431172e+00
 3.72945995e-01
 -5.73376188e-01
 2.24739812e-01
 -4.41966632e-01
 -3.43821178e-01
 -1.19099406e+00
 -3.24128477e-01
 -6.30149903e-01
 2.42058911e-01
 -6.13621644e-01
 1.42891990e+00
 -2.10801817e+00
 -1.00924505e+00
 -1.29590144e+00
 2.28644240e+00
 -1.64783175e+00
 -5.18187688e-01
 6.97605890e-01
 -2.83793684e-01
 -1.94712313e-01
 -7.62050451e-01
 3.34971534e-01
 2.80866670e-01
 7.18040972e-01
 1.56660637e+00
 4.75321732e-01
 2.18244948e+00
 -5.09355883e-02
 -1.17607854e-01
 -3.84670894e-01
 1.01334519e+00
 9.62169028e-01
 3.94123432e-01
 -4.98311996e-01
 9.92227134e-01
 -1.06550737e+00
 -4.58478216e-01
 -1.44849700e-01
 1.42682925e+00
 2.14597281e+00
 -7.23622214e-01
 -1.00557240e+00
 -1.10677107e-01
 -9.76941390e-01
 1.95774902e-01
 1.75949195e+00
 -3.87211092e-01
 -1.17539855e+00
 1.08216733e+00
 -9.65389760e-01
 -1.35183317e+00
 1.87146472e+00
 -4.42500575e-02
 1.05261207e+00
 1.73583389e+00
 -3.39165543e-01
 6.97959284e-01
 -2.42179631e-01
 7.64861665e-01
 3.97351584e-01
 -8.99690695e-01
 -1.17284086e+00
 -6.40582252e-01
 8.66255624e-01
 1.52467804e-01
 2.45062358e-01
 2.39751124e-01
 4.14927838e-01
 -1.77455862e+00
 -8.37465614e-01
 -1.69799160e+00
 9.17957339e-01
 1.77957201e+00
 8.64583214e-01
 -1.04886792e+00
 -2.11122313e-01
 1.57930411e+00